person 0.0 0 0.0 0 0 0 0 1.7 0.5 0.5 9.445089199281774 -8.97136259952076 1.816239231943468 -3.0970102861082056
bicycle 0.0 0 0.0 0 0 0 0 1.5 0.6 1.8 5.783344471275731 6.624960183838301 0.12130510239912684 1.0470734343082695
car 0.0 0 0.0 0 0 0 0 1.5 1.8 4.0 -5.413965952624635 9.945275041085214 4.181751563304806 0.39795609438671553
motorbike 0.0 0 0.0 0 0 0 0 1.5 0.8 2.0 7.551425633623563 5.670673803658099 2.3029778418866886 3.0820312608081126
aeroplane 0.0 0 0.0 0 0 0 0 10.0 20.0 30.0 -5.8087003727165065 6.685802544725487 0.9700693903515861 -2.8201434139442405
bus 0.0 0 0.0 0 0 0 0 3.0 2.5 10.0 1.807672649401706 6.915472887796287 3.356960684567098 0.11727119807014352
train 0.0 0 0.0 0 0 0 0 3.0 3.0 30.0 -6.700075726848558 8.891440900749647 0.028756668858423984 0.9730294100290475
truck 0.0 0 0.0 0 0 0 0 3.0 2.5 12.0 1.0354228710181204 -3.6910789493767897 0.6032691200303947 0.984247922568283
boat 0.0 0 0.0 0 0 0 0 2.0 3.0 10.0 9.838497873963966 -0.08580769086467654 2.851843767133253 -0.5228121212594767
traffic light 0.0 0 0.0 0 0 0 0 2.0 0.5 0.5 -8.428513408536078 -8.03102758889128 0.7770460370806864 0.9961943712075874
fire hydrant 0.0 0 0.0 0 0 0 0 0.75 0.5 0.5 -2.7968730009375147 -1.738383731045193 4.373545238983134 3.0122986767933986
stop sign 0.0 0 0.0 0 0 0 0 1.0 0.5 0.5 -7.977035343453876 -7.0446616392788775 2.9660731422183826 -2.6462628625675486
parking meter 0.0 0 0.0 0 0 0 0 1.5 0.5 0.5 9.694796988960288 9.682524949182895 3.3310620756098146 -2.679035355474186
bench 0.0 0 0.0 0 0 0 0 0.5 1.5 0.5 7.199422991738121 -2.1691491965561838 1.1454233332880037 2.1264051041708507
bird 0.0 0 0.0 0 0 0 0 0.3 0.3 0.3 -3.9707319794917666 8.17658167774255 1.4328903081493576 -0.2867894103027244
cat 0.0 0 0.0 0 0 0 0 0.3 0.3 0.6 3.6319544978106677 6.459353087254634 1.4567863334880666 2.3560246095052246
dog 0.0 0 0.0 0 0 0 0 0.5 0.5 1.0 -0.23986077309829312 7.130034823377287 1.2530670625266542 -0.37449344126601325
horse 0.0 0 0.0 0 0 0 0 1.6 0.5 2.0 3.323222135413964 -7.672180944944184 0.5944211565279689 0.23811143175109128
sheep 0.0 0 0.0 0 0 0 0 0.9 0.5 1.0 -3.553597499233982 -1.6700344388825776 3.7992726202265414 -1.050617485840685
cow 0.0 0 0.0 0 0 0 0 1.5 1.0 2.5 -5.6999097567435175 -4.505570918493589 0.19609170219771044 1.330265941247756
elephant 0.0 0 0.0 0 0 0 0 3.0 3.0 6.0 4.716936189711408 5.493189503676419 4.908977973401071 -1.4563271180248734
bear 0.0 0 0.0 0 0 0 0 1.5 1.0 2.5 -6.233360883715009 -6.4518507204806745 1.0447674869466166 0.1613286288941591
zebra 0.0 0 0.0 0 0 0 0 1.5 0.5 2.0 -5.5767826698369145 0.8881768032415227 1.8684005965780264 2.7610757011914338
giraffe 0.0 0 0.0 0 0 0 0 5.0 1.5 3.0 7.279086539358204 -3.243895786626217 2.2218630517745774 0.6720175532363744
backpack 0.0 0 0.0 0 0 0 0 0.5 0.3 0.2 -8.992339259035214 5.037971331687148 4.784979531288741 -0.09785771081806738
umbrella 0.0 0 0.0 0 0 0 0 1.0 0.5 0.5 3.7536732795471437 -4.530888457526496 4.192430658589476 1.3608380126611106
handbag 0.0 0 0.0 0 0 0 0 0.5 0.3 0.2 -5.9482390117419826 -6.487966262365958 1.3797884274110634 -2.2081835796365756
tie 0.0 0 0.0 0 0 0 0 0.7 0.1 0.05 -4.765778718690788 4.980630460540784 2.4014824788659137 -2.1126302358235662
suitcase 0.0 0 0.0 0 0 0 0 0.7 0.3 0.5 -4.316966255273522 3.785763167823861 2.456842586193067 -1.4729841531514203
frisbee 0.0 0 0.0 0 0 0 0 0.3 0.3 0.05 -8.751185488790398 -0.1195961246905668 1.2360056244431368 1.5483936558717977
skis 0.0 0 0.0 0 0 0 0 2.0 0.1 0.1 -4.937131478785037 3.0782623309008237 3.677542105514848 -2.3595923312989826
snowboard 0.0 0 0.0 0 0 0 0 1.5 0.3 0.1 -1.413694633944374 2.088209890861499 1.6012932281961356 3.075321540116537
sports ball 0.0 0 0.0 0 0 0 0 0.3 0.3 0.3 -6.792020653222803 -2.9765707230273186 4.87568889386654 -0.20431529795390357
kite 0.0 0 0.0 0 0 0 0 1.0 1.0 0.1 -4.551377824282334 -2.4593304876378896 0.607218928257679 0.3902334418220632
baseball bat 0.0 0 0.0 0 0 0 0 1.0 0.1 0.1 -2.023232610314154 0.03210521251269327 0.3709772291990454 -2.056479013294258
baseball glove 0.0 0 0.0 0 0 0 0 0.3 0.3 0.1 0.6966198104119847 -2.893176102438815 4.276800107201678 -1.9370688754267529
skateboard 0.0 0 0.0 0 0 0 0 0.5 0.2 0.8 0.2042014384194335 7.852375679883092 2.3702358603317593 2.9594103180370883
surfboard 0.0 0 0.0 0 0 0 0 2.0 0.5 0.1 -7.900966098922071 6.821547616426891 3.6545714369093885 2.3263737679898293
tennis racket 0.0 0 0.0 0 0 0 0 0.7 0.3 0.1 0.02665803965996183 7.557363555676876 0.5022584695401866 0.7819820531115962
bottle 0.0 0 0.0 0 0 0 0 0.3 0.1 0.1 -1.71420118374545 -7.020004128467674 3.3167511143346684 -0.14087518732206883
wine glass 0.0 0 0.0 0 0 0 0 0.3 0.1 0.1 7.9451118667986265 9.304786363779527 4.610369812933738 -1.0439356772486539
cup 0.0 0 0.0 0 0 0 0 0.2 0.2 0.2 -6.177873849727334 -1.7127292006415544 4.637562887914146 1.5578142492059373
fork 0.0 0 0.0 0 0 0 0 0.2 0.02 0.02 1.747150663363957 2.387902489914593 2.8364285900717565 -2.373380222376981
knife 0.0 0 0.0 0 0 0 0 0.2 0.02 0.02 -9.299720410272618 2.4612194161172347 3.8529464027241414 -2.868454697302888
spoon 0.0 0 0.0 0 0 0 0 0.2 0.02 0.02 -8.024155488985755 -1.4364934789807648 2.6197618255362154 0.4710651591970998
bowl 0.0 0 0.0 0 0 0 0 0.3 0.3 0.1 -1.3297282111747073 -7.544230258582491 4.490627850386782 -2.496341362633969
banana 0.0 0 0.0 0 0 0 0 0.3 0.1 0.1 2.89353067737364 -6.778630297790573 1.52192223671842 2.8293411081035105
apple 0.0 0 0.0 0 0 0 0 0.3 0.3 0.3 -6.234613856901716 -3.788525291100191 2.587160405757824 0.01748532102251099
sandwich 0.0 0 0.0 0 0 0 0 0.3 0.3 0.1 2.7119695966373865 1.8992755072610947 4.313737739002273 0.025733987460152985
orange 0.0 0 0.0 0 0 0 0 0.3 0.3 0.3 -7.603483997542115 6.5721741817664245 0.9241060719048699 -2.4821635991257143
broccoli 0.0 0 0.0 0 0 0 0 0.5 0.3 0.3 2.7717186945350942 1.1575570939179727 4.419450065890532 2.1712579118338304
carrot 0.0 0 0.0 0 0 0 0 0.3 0.1 0.1 9.04054221326264 4.389228031560666 3.6350917994896004 -0.3629593852781974
hot dog 0.0 0 0.0 0 0 0 0 0.3 0.1 0.1 -6.930747503052704 -6.5406132093286224 0.6196287697902553 -0.27214363185598023
pizza 0.0 0 0.0 0 0 0 0 0.5 0.5 0.1 -1.5782176960006034 9.09553485719552 0.35351240159240016 -0.8184655374680703
donut 0.0 0 0.0 0 0 0 0 0.3 0.3 0.1 -3.299877675297777 7.755161742292749 3.4784348493641093 -0.33388076741035855
cake 0.0 0 0.0 0 0 0 0 0.5 0.5 0.3 -5.328303135936703 8.438517167805404 3.094471110349659 -1.9818815513572907
chair 0.0 0 0.0 0 0 0 0 1.0 0.5 0.5 -6.349819598994182 -1.3094375635153082 2.4763222847869075 1.940076019997222
sofa 0.0 0 0.0 0 0 0 0 1.0 2.0 0.8 -8.13158761037676 1.03371714903661 0.9444520460752748 -1.559538233132534
pottedplant 0.0 0 0.0 0 0 0 0 0.5 0.5 0.5 3.7943176577646796 1.788340513358035 1.2341614721353822 -0.8107273308770186
bed 0.0 0 0.0 0 0 0 0 1.0 2.0 0.8 5.388373255181541 -4.748414976444706 1.1092371438227349 2.0850059271391244
diningtable 0.0 0 0.0 0 0 0 0 1.0 2.0 0.8 -1.939185925366811 -2.589270986432986 2.2483065420184305 -0.9742769602276495
toilet 0.0 0 0.0 0 0 0 0 1.0 0.5 0.5 7.941489472229197 2.6007463657408714 1.8027001405782461 -0.3257586535918664
tvmonitor 0.0 0 0.0 0 0 0 0 0.5 1.0 0.1 8.260782203289136 6.165160783561692 1.24742691822198 0.8977865889666994
laptop 0.0 0 0.0 0 0 0 0 0.5 0.5 0.1 8.760374355811788 -8.134841953280706 2.0114192421089077 -1.306599965305304
mouse 0.0 0 0.0 0 0 0 0 0.1 0.1 0.05 1.427681389645505 2.8175974574535125 2.8306950899720293 -1.0582063919696258
remote 0.0 0 0.0 0 0 0 0 0.2 0.1 0.05 9.602610230217508 -0.837126188559477 4.3645490281373345 -0.018892078339995955
keyboard 0.0 0 0.0 0 0 0 0 0.5 0.2 0.05 -2.7943783743791766 -7.162969210203272 2.006059928645186 2.3583863481488443
cell phone 0.0 0 0.0 0 0 0 0 0.2 0.1 0.05 9.803512238085123 6.125122105255414 3.8204555442115877 -1.5148124985742228
microwave 0.0 0 0.0 0 0 0 0 0.5 0.5 0.5 -9.76399886168161 -0.12915727007634814 4.3174308938871215 2.2353723081741856
oven 0.0 0 0.0 0 0 0 0 1.0 0.5 0.5 1.3857769987683906 0.3057784437842521 2.3254540058297026 2.888850890601689
toaster 0.0 0 0.0 0 0 0 0 0.3 0.2 0.2 -0.6712582981041848 -2.723243477065724 4.022120205962415 -1.714207685178629
sink 0.0 0 0.0 0 0 0 0 0.5 1.0 0.5 9.606494694468928 7.152985472247309 0.43755330507222745 -1.204441220973088
refrigerator 0.0 0 0.0 0 0 0 0 2.0 1.0 1.0 -5.71019964342661 -2.306834048028401 2.1939093880714697 -1.9499804152970972
book 0.0 0 0.0 0 0 0 0 0.3 0.2 0.1 -0.8631592336503875 -1.6237569947062642 4.065858272727091 -2.8906554028710167
clock 0.0 0 0.0 0 0 0 0 0.3 0.3 0.1 -5.956594875841303 -9.676177639030232 4.46959124311039 0.7207331769403633
vase 0.0 0 0.0 0 0 0 0 0.5 0.3 0.3 9.041542575365334 -6.292486707431291 4.103841085833211 -1.9580603086316903
scissors 0.0 0 0.0 0 0 0 0 0.2 0.05 0.05 9.534394192758036 -9.40415725452575 4.166811203819284 -0.5749515984096147
teddy bear 0.0 0 0.0 0 0 0 0 0.5 0.3 0.3 -7.82425506723917 -9.840519070261777 1.7081740851421912 1.049655782238661
hair drier 0.0 0 0.0 0 0 0 0 0.3 0.2 0.1 -6.720692398049762 -2.3823989409277013 2.5614767413635824 1.7632294049299189
toothbrush 0.0 0 0.0 0 0 0 0 0.2 0.02 0.02 7.249876734848403 -9.73539864036998 1.4023149273319642 0.4024956680244931
